{
 "cells": [
  {
   "cell_type": "markdown",
   "id": "4128a781",
   "metadata": {},
   "source": [
    "# Mobile price classification."
   ]
  },
  {
   "cell_type": "markdown",
   "id": "cfd5c235",
   "metadata": {},
   "source": [
    "### Import the necessary libaries."
   ]
  },
  {
   "cell_type": "code",
   "execution_count": 2,
   "id": "a1e5bf3f",
   "metadata": {},
   "outputs": [],
   "source": [
    "import pandas as pd\n",
    "import numpy as np\n",
    "import plotly.graph_objects as go\n",
    "from sklearn.model_selection import train_test_split\n",
    "from sklearn.preprocessing import StandardScaler\n",
    "from sklearn.linear_model import LogisticRegression\n",
    "from sklearn.metrics import accuracy_score"
   ]
  },
  {
   "cell_type": "markdown",
   "id": "ec89a35b",
   "metadata": {},
   "source": [
    "### Load the required dataset."
   ]
  },
  {
   "cell_type": "code",
   "execution_count": 3,
   "id": "49d1277b",
   "metadata": {},
   "outputs": [],
   "source": [
    "data = pd.read_csv('mobile_prices.csv')"
   ]
  },
  {
   "cell_type": "markdown",
   "id": "e12323bf",
   "metadata": {},
   "source": [
    "### Analyze the dataset."
   ]
  },
  {
   "cell_type": "code",
   "execution_count": 4,
   "id": "19d5cc53",
   "metadata": {},
   "outputs": [
    {
     "data": {
      "text/html": [
       "<div>\n",
       "<style scoped>\n",
       "    .dataframe tbody tr th:only-of-type {\n",
       "        vertical-align: middle;\n",
       "    }\n",
       "\n",
       "    .dataframe tbody tr th {\n",
       "        vertical-align: top;\n",
       "    }\n",
       "\n",
       "    .dataframe thead th {\n",
       "        text-align: right;\n",
       "    }\n",
       "</style>\n",
       "<table border=\"1\" class=\"dataframe\">\n",
       "  <thead>\n",
       "    <tr style=\"text-align: right;\">\n",
       "      <th></th>\n",
       "      <th>battery_power</th>\n",
       "      <th>blue</th>\n",
       "      <th>clock_speed</th>\n",
       "      <th>dual_sim</th>\n",
       "      <th>fc</th>\n",
       "      <th>four_g</th>\n",
       "      <th>int_memory</th>\n",
       "      <th>m_dep</th>\n",
       "      <th>mobile_wt</th>\n",
       "      <th>n_cores</th>\n",
       "      <th>...</th>\n",
       "      <th>px_height</th>\n",
       "      <th>px_width</th>\n",
       "      <th>ram</th>\n",
       "      <th>sc_h</th>\n",
       "      <th>sc_w</th>\n",
       "      <th>talk_time</th>\n",
       "      <th>three_g</th>\n",
       "      <th>touch_screen</th>\n",
       "      <th>wifi</th>\n",
       "      <th>price_range</th>\n",
       "    </tr>\n",
       "  </thead>\n",
       "  <tbody>\n",
       "    <tr>\n",
       "      <th>0</th>\n",
       "      <td>842</td>\n",
       "      <td>0</td>\n",
       "      <td>2.2</td>\n",
       "      <td>0</td>\n",
       "      <td>1</td>\n",
       "      <td>0</td>\n",
       "      <td>7</td>\n",
       "      <td>0.6</td>\n",
       "      <td>188</td>\n",
       "      <td>2</td>\n",
       "      <td>...</td>\n",
       "      <td>20</td>\n",
       "      <td>756</td>\n",
       "      <td>2549</td>\n",
       "      <td>9</td>\n",
       "      <td>7</td>\n",
       "      <td>19</td>\n",
       "      <td>0</td>\n",
       "      <td>0</td>\n",
       "      <td>1</td>\n",
       "      <td>1</td>\n",
       "    </tr>\n",
       "    <tr>\n",
       "      <th>1</th>\n",
       "      <td>1021</td>\n",
       "      <td>1</td>\n",
       "      <td>0.5</td>\n",
       "      <td>1</td>\n",
       "      <td>0</td>\n",
       "      <td>1</td>\n",
       "      <td>53</td>\n",
       "      <td>0.7</td>\n",
       "      <td>136</td>\n",
       "      <td>3</td>\n",
       "      <td>...</td>\n",
       "      <td>905</td>\n",
       "      <td>1988</td>\n",
       "      <td>2631</td>\n",
       "      <td>17</td>\n",
       "      <td>3</td>\n",
       "      <td>7</td>\n",
       "      <td>1</td>\n",
       "      <td>1</td>\n",
       "      <td>0</td>\n",
       "      <td>2</td>\n",
       "    </tr>\n",
       "    <tr>\n",
       "      <th>2</th>\n",
       "      <td>563</td>\n",
       "      <td>1</td>\n",
       "      <td>0.5</td>\n",
       "      <td>1</td>\n",
       "      <td>2</td>\n",
       "      <td>1</td>\n",
       "      <td>41</td>\n",
       "      <td>0.9</td>\n",
       "      <td>145</td>\n",
       "      <td>5</td>\n",
       "      <td>...</td>\n",
       "      <td>1263</td>\n",
       "      <td>1716</td>\n",
       "      <td>2603</td>\n",
       "      <td>11</td>\n",
       "      <td>2</td>\n",
       "      <td>9</td>\n",
       "      <td>1</td>\n",
       "      <td>1</td>\n",
       "      <td>0</td>\n",
       "      <td>2</td>\n",
       "    </tr>\n",
       "    <tr>\n",
       "      <th>3</th>\n",
       "      <td>615</td>\n",
       "      <td>1</td>\n",
       "      <td>2.5</td>\n",
       "      <td>0</td>\n",
       "      <td>0</td>\n",
       "      <td>0</td>\n",
       "      <td>10</td>\n",
       "      <td>0.8</td>\n",
       "      <td>131</td>\n",
       "      <td>6</td>\n",
       "      <td>...</td>\n",
       "      <td>1216</td>\n",
       "      <td>1786</td>\n",
       "      <td>2769</td>\n",
       "      <td>16</td>\n",
       "      <td>8</td>\n",
       "      <td>11</td>\n",
       "      <td>1</td>\n",
       "      <td>0</td>\n",
       "      <td>0</td>\n",
       "      <td>2</td>\n",
       "    </tr>\n",
       "    <tr>\n",
       "      <th>4</th>\n",
       "      <td>1821</td>\n",
       "      <td>1</td>\n",
       "      <td>1.2</td>\n",
       "      <td>0</td>\n",
       "      <td>13</td>\n",
       "      <td>1</td>\n",
       "      <td>44</td>\n",
       "      <td>0.6</td>\n",
       "      <td>141</td>\n",
       "      <td>2</td>\n",
       "      <td>...</td>\n",
       "      <td>1208</td>\n",
       "      <td>1212</td>\n",
       "      <td>1411</td>\n",
       "      <td>8</td>\n",
       "      <td>2</td>\n",
       "      <td>15</td>\n",
       "      <td>1</td>\n",
       "      <td>1</td>\n",
       "      <td>0</td>\n",
       "      <td>1</td>\n",
       "    </tr>\n",
       "    <tr>\n",
       "      <th>5</th>\n",
       "      <td>1859</td>\n",
       "      <td>0</td>\n",
       "      <td>0.5</td>\n",
       "      <td>1</td>\n",
       "      <td>3</td>\n",
       "      <td>0</td>\n",
       "      <td>22</td>\n",
       "      <td>0.7</td>\n",
       "      <td>164</td>\n",
       "      <td>1</td>\n",
       "      <td>...</td>\n",
       "      <td>1004</td>\n",
       "      <td>1654</td>\n",
       "      <td>1067</td>\n",
       "      <td>17</td>\n",
       "      <td>1</td>\n",
       "      <td>10</td>\n",
       "      <td>1</td>\n",
       "      <td>0</td>\n",
       "      <td>0</td>\n",
       "      <td>1</td>\n",
       "    </tr>\n",
       "    <tr>\n",
       "      <th>6</th>\n",
       "      <td>1821</td>\n",
       "      <td>0</td>\n",
       "      <td>1.7</td>\n",
       "      <td>0</td>\n",
       "      <td>4</td>\n",
       "      <td>1</td>\n",
       "      <td>10</td>\n",
       "      <td>0.8</td>\n",
       "      <td>139</td>\n",
       "      <td>8</td>\n",
       "      <td>...</td>\n",
       "      <td>381</td>\n",
       "      <td>1018</td>\n",
       "      <td>3220</td>\n",
       "      <td>13</td>\n",
       "      <td>8</td>\n",
       "      <td>18</td>\n",
       "      <td>1</td>\n",
       "      <td>0</td>\n",
       "      <td>1</td>\n",
       "      <td>3</td>\n",
       "    </tr>\n",
       "    <tr>\n",
       "      <th>7</th>\n",
       "      <td>1954</td>\n",
       "      <td>0</td>\n",
       "      <td>0.5</td>\n",
       "      <td>1</td>\n",
       "      <td>0</td>\n",
       "      <td>0</td>\n",
       "      <td>24</td>\n",
       "      <td>0.8</td>\n",
       "      <td>187</td>\n",
       "      <td>4</td>\n",
       "      <td>...</td>\n",
       "      <td>512</td>\n",
       "      <td>1149</td>\n",
       "      <td>700</td>\n",
       "      <td>16</td>\n",
       "      <td>3</td>\n",
       "      <td>5</td>\n",
       "      <td>1</td>\n",
       "      <td>1</td>\n",
       "      <td>1</td>\n",
       "      <td>0</td>\n",
       "    </tr>\n",
       "    <tr>\n",
       "      <th>8</th>\n",
       "      <td>1445</td>\n",
       "      <td>1</td>\n",
       "      <td>0.5</td>\n",
       "      <td>0</td>\n",
       "      <td>0</td>\n",
       "      <td>0</td>\n",
       "      <td>53</td>\n",
       "      <td>0.7</td>\n",
       "      <td>174</td>\n",
       "      <td>7</td>\n",
       "      <td>...</td>\n",
       "      <td>386</td>\n",
       "      <td>836</td>\n",
       "      <td>1099</td>\n",
       "      <td>17</td>\n",
       "      <td>1</td>\n",
       "      <td>20</td>\n",
       "      <td>1</td>\n",
       "      <td>0</td>\n",
       "      <td>0</td>\n",
       "      <td>0</td>\n",
       "    </tr>\n",
       "    <tr>\n",
       "      <th>9</th>\n",
       "      <td>509</td>\n",
       "      <td>1</td>\n",
       "      <td>0.6</td>\n",
       "      <td>1</td>\n",
       "      <td>2</td>\n",
       "      <td>1</td>\n",
       "      <td>9</td>\n",
       "      <td>0.1</td>\n",
       "      <td>93</td>\n",
       "      <td>5</td>\n",
       "      <td>...</td>\n",
       "      <td>1137</td>\n",
       "      <td>1224</td>\n",
       "      <td>513</td>\n",
       "      <td>19</td>\n",
       "      <td>10</td>\n",
       "      <td>12</td>\n",
       "      <td>1</td>\n",
       "      <td>0</td>\n",
       "      <td>0</td>\n",
       "      <td>0</td>\n",
       "    </tr>\n",
       "  </tbody>\n",
       "</table>\n",
       "<p>10 rows × 21 columns</p>\n",
       "</div>"
      ],
      "text/plain": [
       "   battery_power  blue  clock_speed  dual_sim  fc  four_g  int_memory  m_dep  \\\n",
       "0            842     0          2.2         0   1       0           7    0.6   \n",
       "1           1021     1          0.5         1   0       1          53    0.7   \n",
       "2            563     1          0.5         1   2       1          41    0.9   \n",
       "3            615     1          2.5         0   0       0          10    0.8   \n",
       "4           1821     1          1.2         0  13       1          44    0.6   \n",
       "5           1859     0          0.5         1   3       0          22    0.7   \n",
       "6           1821     0          1.7         0   4       1          10    0.8   \n",
       "7           1954     0          0.5         1   0       0          24    0.8   \n",
       "8           1445     1          0.5         0   0       0          53    0.7   \n",
       "9            509     1          0.6         1   2       1           9    0.1   \n",
       "\n",
       "   mobile_wt  n_cores  ...  px_height  px_width   ram  sc_h  sc_w  talk_time  \\\n",
       "0        188        2  ...         20       756  2549     9     7         19   \n",
       "1        136        3  ...        905      1988  2631    17     3          7   \n",
       "2        145        5  ...       1263      1716  2603    11     2          9   \n",
       "3        131        6  ...       1216      1786  2769    16     8         11   \n",
       "4        141        2  ...       1208      1212  1411     8     2         15   \n",
       "5        164        1  ...       1004      1654  1067    17     1         10   \n",
       "6        139        8  ...        381      1018  3220    13     8         18   \n",
       "7        187        4  ...        512      1149   700    16     3          5   \n",
       "8        174        7  ...        386       836  1099    17     1         20   \n",
       "9         93        5  ...       1137      1224   513    19    10         12   \n",
       "\n",
       "   three_g  touch_screen  wifi  price_range  \n",
       "0        0             0     1            1  \n",
       "1        1             1     0            2  \n",
       "2        1             1     0            2  \n",
       "3        1             0     0            2  \n",
       "4        1             1     0            1  \n",
       "5        1             0     0            1  \n",
       "6        1             0     1            3  \n",
       "7        1             1     1            0  \n",
       "8        1             0     0            0  \n",
       "9        1             0     0            0  \n",
       "\n",
       "[10 rows x 21 columns]"
      ]
     },
     "execution_count": 4,
     "metadata": {},
     "output_type": "execute_result"
    }
   ],
   "source": [
    "data.head(10)"
   ]
  },
  {
   "cell_type": "code",
   "execution_count": 5,
   "id": "01d56fee",
   "metadata": {},
   "outputs": [
    {
     "data": {
      "text/plain": [
       "['battery_power',\n",
       " 'blue',\n",
       " 'clock_speed',\n",
       " 'dual_sim',\n",
       " 'fc',\n",
       " 'four_g',\n",
       " 'int_memory',\n",
       " 'm_dep',\n",
       " 'mobile_wt',\n",
       " 'n_cores',\n",
       " 'pc',\n",
       " 'px_height',\n",
       " 'px_width',\n",
       " 'ram',\n",
       " 'sc_h',\n",
       " 'sc_w',\n",
       " 'talk_time',\n",
       " 'three_g',\n",
       " 'touch_screen',\n",
       " 'wifi',\n",
       " 'price_range']"
      ]
     },
     "execution_count": 5,
     "metadata": {},
     "output_type": "execute_result"
    }
   ],
   "source": [
    "data.columns.tolist()"
   ]
  },
  {
   "cell_type": "code",
   "execution_count": 6,
   "id": "25da2430",
   "metadata": {},
   "outputs": [
    {
     "name": "stdout",
     "output_type": "stream",
     "text": [
      "<class 'pandas.core.frame.DataFrame'>\n",
      "RangeIndex: 2000 entries, 0 to 1999\n",
      "Data columns (total 21 columns):\n",
      " #   Column         Non-Null Count  Dtype  \n",
      "---  ------         --------------  -----  \n",
      " 0   battery_power  2000 non-null   int64  \n",
      " 1   blue           2000 non-null   int64  \n",
      " 2   clock_speed    2000 non-null   float64\n",
      " 3   dual_sim       2000 non-null   int64  \n",
      " 4   fc             2000 non-null   int64  \n",
      " 5   four_g         2000 non-null   int64  \n",
      " 6   int_memory     2000 non-null   int64  \n",
      " 7   m_dep          2000 non-null   float64\n",
      " 8   mobile_wt      2000 non-null   int64  \n",
      " 9   n_cores        2000 non-null   int64  \n",
      " 10  pc             2000 non-null   int64  \n",
      " 11  px_height      2000 non-null   int64  \n",
      " 12  px_width       2000 non-null   int64  \n",
      " 13  ram            2000 non-null   int64  \n",
      " 14  sc_h           2000 non-null   int64  \n",
      " 15  sc_w           2000 non-null   int64  \n",
      " 16  talk_time      2000 non-null   int64  \n",
      " 17  three_g        2000 non-null   int64  \n",
      " 18  touch_screen   2000 non-null   int64  \n",
      " 19  wifi           2000 non-null   int64  \n",
      " 20  price_range    2000 non-null   int64  \n",
      "dtypes: float64(2), int64(19)\n",
      "memory usage: 328.3 KB\n"
     ]
    }
   ],
   "source": [
    "data.info()"
   ]
  },
  {
   "cell_type": "markdown",
   "id": "cf72238f",
   "metadata": {},
   "source": [
    "### Check for any missing data."
   ]
  },
  {
   "cell_type": "code",
   "execution_count": 8,
   "id": "dc85527f",
   "metadata": {},
   "outputs": [
    {
     "data": {
      "text/plain": [
       "battery_power    0\n",
       "blue             0\n",
       "clock_speed      0\n",
       "dual_sim         0\n",
       "fc               0\n",
       "four_g           0\n",
       "int_memory       0\n",
       "m_dep            0\n",
       "mobile_wt        0\n",
       "n_cores          0\n",
       "pc               0\n",
       "px_height        0\n",
       "px_width         0\n",
       "ram              0\n",
       "sc_h             0\n",
       "sc_w             0\n",
       "talk_time        0\n",
       "three_g          0\n",
       "touch_screen     0\n",
       "wifi             0\n",
       "price_range      0\n",
       "dtype: int64"
      ]
     },
     "execution_count": 8,
     "metadata": {},
     "output_type": "execute_result"
    }
   ],
   "source": [
    "data.isnull().sum()"
   ]
  },
  {
   "cell_type": "markdown",
   "id": "84949372",
   "metadata": {},
   "source": [
    "Luckily we have no missing data to deal with!"
   ]
  },
  {
   "cell_type": "markdown",
   "id": "3d03d9be",
   "metadata": {},
   "source": [
    "### Let's have a look at the correlation between the features in the dataset."
   ]
  },
  {
   "cell_type": "code",
   "execution_count": 12,
   "id": "83561748",
   "metadata": {},
   "outputs": [
    {
     "data": {
      "application/vnd.plotly.v1+json": {
       "config": {
        "plotlyServerURL": "https://plot.ly"
       },
       "data": [
        {
         "colorscale": [
          [
           0,
           "#0508b8"
          ],
          [
           0.08333333333333333,
           "#1910d8"
          ],
          [
           0.16666666666666666,
           "#3c19f0"
          ],
          [
           0.25,
           "#6b1cfb"
          ],
          [
           0.3333333333333333,
           "#981cfd"
          ],
          [
           0.4166666666666667,
           "#bf1cfd"
          ],
          [
           0.5,
           "#dd2bfd"
          ],
          [
           0.5833333333333334,
           "#f246fe"
          ],
          [
           0.6666666666666666,
           "#fc67fd"
          ],
          [
           0.75,
           "#fe88fc"
          ],
          [
           0.8333333333333334,
           "#fea5fd"
          ],
          [
           0.9166666666666666,
           "#febefe"
          ],
          [
           1,
           "#fec3fe"
          ]
         ],
         "type": "heatmap",
         "x": [
          "battery_power",
          "blue",
          "clock_speed",
          "dual_sim",
          "fc",
          "four_g",
          "int_memory",
          "m_dep",
          "mobile_wt",
          "n_cores",
          "pc",
          "px_height",
          "px_width",
          "ram",
          "sc_h",
          "sc_w",
          "talk_time",
          "three_g",
          "touch_screen",
          "wifi",
          "price_range"
         ],
         "y": [
          "battery_power",
          "blue",
          "clock_speed",
          "dual_sim",
          "fc",
          "four_g",
          "int_memory",
          "m_dep",
          "mobile_wt",
          "n_cores",
          "pc",
          "px_height",
          "px_width",
          "ram",
          "sc_h",
          "sc_w",
          "talk_time",
          "three_g",
          "touch_screen",
          "wifi",
          "price_range"
         ],
         "z": [
          [
           1,
           0.011251623808409005,
           0.011481593741547481,
           -0.04184684985531915,
           0.03333438500912425,
           0.01566455462474265,
           -0.004003679910891169,
           0.03408451490286734,
           0.0018443762145710233,
           -0.029727258910731354,
           0.03144067724331099,
           0.014900804544674877,
           -0.008401830499043849,
           -0.0006529264469275295,
           -0.029958601467988392,
           -0.021420943294223553,
           0.052510354657595223,
           0.011522168448019688,
           -0.01051583536613963,
           -0.008342928835738948,
           0.20072261211373124
          ],
          [
           0.011251623808409005,
           1,
           0.021418693043786914,
           0.03519811346493916,
           0.003593201045941478,
           0.013443105451586793,
           0.04117716902002657,
           0.004049193533434709,
           -0.008604642824947226,
           0.03616071896601607,
           -0.00995217229370233,
           -0.00687239046225623,
           -0.041533441805918475,
           0.026350936945151174,
           -0.0029522925572921794,
           0.0006130756499930555,
           0.01393365037228793,
           -0.030236184948883298,
           0.010060684131672363,
           -0.021863235784086183,
           0.020572854061418573
          ],
          [
           0.011481593741547481,
           0.021418693043786914,
           1,
           -0.001315204025505052,
           -0.000433898207660617,
           -0.04307335549720816,
           0.006545145152924384,
           -0.014364360309299837,
           0.012349747866586158,
           -0.005724226033792937,
           -0.005245037561591485,
           -0.01452289508684957,
           -0.009475653050430185,
           0.0034430306880890646,
           -0.029077621806347063,
           -0.007378355543214177,
           -0.01143186555981287,
           -0.04643349691424839,
           0.019755805960568244,
           -0.024471012567611566,
           -0.00660569088173212
          ],
          [
           -0.04184684985531915,
           0.03519811346493916,
           -0.001315204025505052,
           1,
           -0.02912278446583605,
           0.003186521989701648,
           -0.01567896229023402,
           -0.022141660518706963,
           -0.008979405132754852,
           -0.02465813483383521,
           -0.017142621266392086,
           -0.020875260863243213,
           0.014290542210206252,
           0.04107201687575117,
           -0.011949263255963908,
           -0.016666122534513564,
           -0.03940399950293255,
           -0.014007623397290642,
           -0.017117398029556908,
           0.022740333260222696,
           0.01744447923722472
          ],
          [
           0.03333438500912425,
           0.003593201045941478,
           -0.000433898207660617,
           -0.02912278446583605,
           1,
           -0.016559688164037883,
           -0.02913277524519928,
           -0.0017911308477025982,
           0.023618017096817143,
           -0.013356243442967479,
           0.6445952827956328,
           -0.009989907483697769,
           -0.00517563438442659,
           0.015098970498477332,
           -0.011013954695093463,
           -0.012372591307992842,
           -0.006828649366975372,
           0.0017925738443707725,
           -0.014827844783864685,
           0.020084872854668548,
           0.021998207776904328
          ],
          [
           0.01566455462474265,
           0.013443105451586793,
           -0.04307335549720816,
           0.003186521989701648,
           -0.016559688164037883,
           1,
           0.00868997105928721,
           -0.0018232988898241223,
           -0.01653673407505381,
           -0.029705501066110994,
           -0.005598221993478703,
           -0.01923623567730995,
           0.007448216573482412,
           0.0073134746504713395,
           0.027165510975675624,
           0.03700497303918502,
           -0.046627814257882524,
           0.5842455634172913,
           0.016757801119348513,
           -0.017620022497302826,
           0.014771711417239467
          ],
          [
           -0.004003679910891169,
           0.04117716902002657,
           0.006545145152924384,
           -0.01567896229023402,
           -0.02913277524519928,
           0.00868997105928721,
           1,
           0.006885755150957458,
           -0.034214209135475016,
           -0.028310416689851636,
           -0.033273388854864576,
           0.01044125677561802,
           -0.008334853372394556,
           0.03281317408091542,
           0.037771132797365395,
           0.011730534410369215,
           -0.00279028899118698,
           -0.009365962592532107,
           -0.026998677669091975,
           0.00699300967745834,
           0.0444349593889875
          ],
          [
           0.03408451490286734,
           0.004049193533434709,
           -0.014364360309299837,
           -0.022141660518706963,
           -0.0017911308477025982,
           -0.0018232988898241223,
           0.006885755150957458,
           1,
           0.021756065251581302,
           -0.0035038859268239643,
           0.026282439444050783,
           0.025262869860381374,
           0.023566345906041848,
           -0.009434120647010023,
           -0.025347805785424112,
           -0.018388117499987987,
           0.01700255295055869,
           -0.012065410514054402,
           -0.002637527311245226,
           -0.0283526523501044,
           0.0008530365050865703
          ],
          [
           0.0018443762145710233,
           -0.008604642824947226,
           0.012349747866586158,
           -0.008979405132754852,
           0.023618017096817143,
           -0.01653673407505381,
           -0.034214209135475016,
           0.021756065251581302,
           1,
           -0.018988757205049323,
           0.018843929835236205,
           0.0009393239804485686,
           8.976163925582267e-05,
           -0.002580541707291326,
           -0.0338547136814375,
           -0.020760525088739313,
           0.00620850075859248,
           0.0015505852829662409,
           -0.014368228393982193,
           -0.0004093554892794404,
           -0.03030217131438632
          ],
          [
           -0.029727258910731354,
           0.03616071896601607,
           -0.005724226033792937,
           -0.02465813483383521,
           -0.013356243442967479,
           -0.029705501066110994,
           -0.028310416689851636,
           -0.0035038859268239643,
           -0.018988757205049323,
           1,
           -0.0011926142129104558,
           -0.0068720733908026336,
           0.02447991702476149,
           0.004868325744798485,
           -0.00031483547910175254,
           0.025826454168080982,
           0.013147863907840205,
           -0.0147326730582514,
           0.02377423964666761,
           -0.009963531365809119,
           0.004399274799457341
          ],
          [
           0.03144067724331099,
           -0.00995217229370233,
           -0.005245037561591485,
           -0.017142621266392086,
           0.6445952827956328,
           -0.005598221993478703,
           -0.033273388854864576,
           0.026282439444050783,
           0.018843929835236205,
           -0.0011926142129104558,
           1,
           -0.018465494278375384,
           0.004195944306608137,
           0.028983516524420147,
           0.004937519864469917,
           -0.023819237920395638,
           0.014656985160164141,
           -0.0013216200581519886,
           -0.008741829782886398,
           0.005388963710424834,
           0.033599300213539574
          ],
          [
           0.014900804544674877,
           -0.00687239046225623,
           -0.01452289508684957,
           -0.020875260863243213,
           -0.009989907483697769,
           -0.01923623567730995,
           0.01044125677561802,
           0.025262869860381374,
           0.0009393239804485686,
           -0.0068720733908026336,
           -0.018465494278375384,
           1,
           0.5106644191393148,
           -0.020351922754965054,
           0.05961529446087679,
           0.043038268105588674,
           -0.010645253467093312,
           -0.031173739264258045,
           0.02189133832091127,
           0.05182398873692636,
           0.148857555000422
          ],
          [
           -0.008401830499043849,
           -0.041533441805918475,
           -0.009475653050430185,
           0.014290542210206252,
           -0.00517563438442659,
           0.007448216573482412,
           -0.008334853372394556,
           0.023566345906041848,
           8.976163925582267e-05,
           0.02447991702476149,
           0.004195944306608137,
           0.5106644191393148,
           1,
           0.004105216467218681,
           0.0215985621119942,
           0.03469919558577322,
           0.006719940879503146,
           0.00034998245201687313,
           -0.0016283723577048288,
           0.030318972829504395,
           0.16581750172625534
          ],
          [
           -0.0006529264469275295,
           0.026350936945151174,
           0.0034430306880890646,
           0.04107201687575117,
           0.015098970498477332,
           0.0073134746504713395,
           0.03281317408091542,
           -0.009434120647010023,
           -0.002580541707291326,
           0.004868325744798485,
           0.028983516524420147,
           -0.020351922754965054,
           0.004105216467218681,
           1,
           0.01599614874068266,
           0.035575670143050915,
           0.010819977788843133,
           0.015794939866243723,
           -0.03045464776240744,
           0.022668801572951838,
           0.9170457362649902
          ],
          [
           -0.029958601467988392,
           -0.0029522925572921794,
           -0.029077621806347063,
           -0.011949263255963908,
           -0.011013954695093463,
           0.027165510975675624,
           0.037771132797365395,
           -0.025347805785424112,
           -0.0338547136814375,
           -0.00031483547910175254,
           0.004937519864469917,
           0.05961529446087679,
           0.0215985621119942,
           0.01599614874068266,
           1,
           0.5061442083433548,
           -0.01733510049832937,
           0.012032933550798295,
           -0.020022954064033708,
           0.025929424733713454,
           0.022986073167424327
          ],
          [
           -0.021420943294223553,
           0.0006130756499930555,
           -0.007378355543214177,
           -0.016666122534513564,
           -0.012372591307992842,
           0.03700497303918502,
           0.011730534410369215,
           -0.018388117499987987,
           -0.020760525088739313,
           0.025826454168080982,
           -0.023819237920395638,
           0.043038268105588674,
           0.03469919558577322,
           0.035575670143050915,
           0.5061442083433548,
           1,
           -0.022820859653885684,
           0.030941187653777777,
           0.012719879393453802,
           0.035422777627496016,
           0.03871127166448414
          ],
          [
           0.052510354657595223,
           0.01393365037228793,
           -0.01143186555981287,
           -0.03940399950293255,
           -0.006828649366975372,
           -0.046627814257882524,
           -0.00279028899118698,
           0.01700255295055869,
           0.00620850075859248,
           0.013147863907840205,
           0.014656985160164141,
           -0.010645253467093312,
           0.006719940879503146,
           0.010819977788843133,
           -0.01733510049832937,
           -0.022820859653885684,
           1,
           -0.042688021103825274,
           0.01719618484955997,
           -0.0295042871223901,
           0.02185887116237482
          ],
          [
           0.011522168448019688,
           -0.030236184948883298,
           -0.04643349691424839,
           -0.014007623397290642,
           0.0017925738443707725,
           0.5842455634172913,
           -0.009365962592532107,
           -0.012065410514054402,
           0.0015505852829662409,
           -0.0147326730582514,
           -0.0013216200581519886,
           -0.031173739264258045,
           0.00034998245201687313,
           0.015794939866243723,
           0.012032933550798295,
           0.030941187653777777,
           -0.042688021103825274,
           1,
           0.013917351497663108,
           0.004315639393765238,
           0.023611216880045166
          ],
          [
           -0.01051583536613963,
           0.010060684131672363,
           0.019755805960568244,
           -0.017117398029556908,
           -0.014827844783864685,
           0.016757801119348513,
           -0.026998677669091975,
           -0.002637527311245226,
           -0.014368228393982193,
           0.02377423964666761,
           -0.008741829782886398,
           0.02189133832091127,
           -0.0016283723577048288,
           -0.03045464776240744,
           -0.020022954064033708,
           0.012719879393453802,
           0.01719618484955997,
           0.013917351497663108,
           1,
           0.011917382454504768,
           -0.03041107189821805
          ],
          [
           -0.008342928835738948,
           -0.021863235784086183,
           -0.024471012567611566,
           0.022740333260222696,
           0.020084872854668548,
           -0.017620022497302826,
           0.00699300967745834,
           -0.0283526523501044,
           -0.0004093554892794404,
           -0.009963531365809119,
           0.005388963710424834,
           0.05182398873692636,
           0.030318972829504395,
           0.022668801572951838,
           0.025929424733713454,
           0.035422777627496016,
           -0.0295042871223901,
           0.004315639393765238,
           0.011917382454504768,
           1,
           0.01878481201278905
          ],
          [
           0.20072261211373124,
           0.020572854061418573,
           -0.00660569088173212,
           0.01744447923722472,
           0.021998207776904328,
           0.014771711417239467,
           0.0444349593889875,
           0.0008530365050865703,
           -0.03030217131438632,
           0.004399274799457341,
           0.033599300213539574,
           0.148857555000422,
           0.16581750172625534,
           0.9170457362649902,
           0.022986073167424327,
           0.03871127166448414,
           0.02185887116237482,
           0.023611216880045166,
           -0.03041107189821805,
           0.01878481201278905,
           1
          ]
         ]
        }
       ],
       "layout": {
        "template": {
         "data": {
          "bar": [
           {
            "error_x": {
             "color": "#2a3f5f"
            },
            "error_y": {
             "color": "#2a3f5f"
            },
            "marker": {
             "line": {
              "color": "#E5ECF6",
              "width": 0.5
             },
             "pattern": {
              "fillmode": "overlay",
              "size": 10,
              "solidity": 0.2
             }
            },
            "type": "bar"
           }
          ],
          "barpolar": [
           {
            "marker": {
             "line": {
              "color": "#E5ECF6",
              "width": 0.5
             },
             "pattern": {
              "fillmode": "overlay",
              "size": 10,
              "solidity": 0.2
             }
            },
            "type": "barpolar"
           }
          ],
          "carpet": [
           {
            "aaxis": {
             "endlinecolor": "#2a3f5f",
             "gridcolor": "white",
             "linecolor": "white",
             "minorgridcolor": "white",
             "startlinecolor": "#2a3f5f"
            },
            "baxis": {
             "endlinecolor": "#2a3f5f",
             "gridcolor": "white",
             "linecolor": "white",
             "minorgridcolor": "white",
             "startlinecolor": "#2a3f5f"
            },
            "type": "carpet"
           }
          ],
          "choropleth": [
           {
            "colorbar": {
             "outlinewidth": 0,
             "ticks": ""
            },
            "type": "choropleth"
           }
          ],
          "contour": [
           {
            "colorbar": {
             "outlinewidth": 0,
             "ticks": ""
            },
            "colorscale": [
             [
              0,
              "#0d0887"
             ],
             [
              0.1111111111111111,
              "#46039f"
             ],
             [
              0.2222222222222222,
              "#7201a8"
             ],
             [
              0.3333333333333333,
              "#9c179e"
             ],
             [
              0.4444444444444444,
              "#bd3786"
             ],
             [
              0.5555555555555556,
              "#d8576b"
             ],
             [
              0.6666666666666666,
              "#ed7953"
             ],
             [
              0.7777777777777778,
              "#fb9f3a"
             ],
             [
              0.8888888888888888,
              "#fdca26"
             ],
             [
              1,
              "#f0f921"
             ]
            ],
            "type": "contour"
           }
          ],
          "contourcarpet": [
           {
            "colorbar": {
             "outlinewidth": 0,
             "ticks": ""
            },
            "type": "contourcarpet"
           }
          ],
          "heatmap": [
           {
            "colorbar": {
             "outlinewidth": 0,
             "ticks": ""
            },
            "colorscale": [
             [
              0,
              "#0d0887"
             ],
             [
              0.1111111111111111,
              "#46039f"
             ],
             [
              0.2222222222222222,
              "#7201a8"
             ],
             [
              0.3333333333333333,
              "#9c179e"
             ],
             [
              0.4444444444444444,
              "#bd3786"
             ],
             [
              0.5555555555555556,
              "#d8576b"
             ],
             [
              0.6666666666666666,
              "#ed7953"
             ],
             [
              0.7777777777777778,
              "#fb9f3a"
             ],
             [
              0.8888888888888888,
              "#fdca26"
             ],
             [
              1,
              "#f0f921"
             ]
            ],
            "type": "heatmap"
           }
          ],
          "heatmapgl": [
           {
            "colorbar": {
             "outlinewidth": 0,
             "ticks": ""
            },
            "colorscale": [
             [
              0,
              "#0d0887"
             ],
             [
              0.1111111111111111,
              "#46039f"
             ],
             [
              0.2222222222222222,
              "#7201a8"
             ],
             [
              0.3333333333333333,
              "#9c179e"
             ],
             [
              0.4444444444444444,
              "#bd3786"
             ],
             [
              0.5555555555555556,
              "#d8576b"
             ],
             [
              0.6666666666666666,
              "#ed7953"
             ],
             [
              0.7777777777777778,
              "#fb9f3a"
             ],
             [
              0.8888888888888888,
              "#fdca26"
             ],
             [
              1,
              "#f0f921"
             ]
            ],
            "type": "heatmapgl"
           }
          ],
          "histogram": [
           {
            "marker": {
             "pattern": {
              "fillmode": "overlay",
              "size": 10,
              "solidity": 0.2
             }
            },
            "type": "histogram"
           }
          ],
          "histogram2d": [
           {
            "colorbar": {
             "outlinewidth": 0,
             "ticks": ""
            },
            "colorscale": [
             [
              0,
              "#0d0887"
             ],
             [
              0.1111111111111111,
              "#46039f"
             ],
             [
              0.2222222222222222,
              "#7201a8"
             ],
             [
              0.3333333333333333,
              "#9c179e"
             ],
             [
              0.4444444444444444,
              "#bd3786"
             ],
             [
              0.5555555555555556,
              "#d8576b"
             ],
             [
              0.6666666666666666,
              "#ed7953"
             ],
             [
              0.7777777777777778,
